,k,inertia,silhouette
0,2,873424.9835878062,0.22206743526148126
1,3,837881.790346678,0.11683634556064187
2,4,800149.0105536836,0.11699633786603084
3,5,783903.8137355724,0.06124694230258423
4,6,755619.6840556462,0.06005528785841827
5,7,731855.424219866,0.06280436700519769
6,8,735604.6766997492,0.08986099422961955
7,9,711838.8631478491,0.05335843171169039
8,10,704324.3601746501,0.04998237775595643
9,11,689188.0295386321,0.056812734782190726
10,12,673875.8686493603,0.05479715173171287
11,13,670730.4208564275,0.05261551448915484
12,14,659132.01825616,0.04844101171720447
13,15,648440.6734158284,0.050189210455812185
14,16,665913.2102352625,0.042117752913649456
15,17,634197.1796539857,0.05405132261605789
16,18,641405.9455377182,0.0342462315382739
17,19,625025.9058726947,0.05050430418055692
